0
10628787
26308583
40928940
54014158
65970684
71741310
74129565
78667711
85815639
96349355
110101905
111522114
126482657
133347132
149960897
165097686
183955553
202187174
212206188
234176547
255028064
275755740
283911191
310232692
334806728
358529302
382469599
396324613
428954307
458969794
487270206
514724179
542324552
571568943
578197906
619823867
657703534
692813218
725999226
758050914
789787923
822200792
856775137
881725356
937108659
987116640
1032879319
1075329024
1115258340
1153369071
1190317741
1226764919
1263440652
1301252877
1341514662
1386589907
1402286665
1475271909
1541310134
1601629143
1657237696
1708976293
1757557028
1803595440
1847636774
1890178735
1931692702
1972645561
2013525008
2054872892
2097335048
2141745639
2189290735
2241887595
2303370190
2312248264
2413154787
2505204701
2589670943
2667617675
2739941081
2807401659
2870649890
2930246779
2986680431
3040379567
3091724690
3141057461
3188688733
3234905644
3279978075
3324164836
3367719899
3410899105
3453967889
3497210817
3540944195
3585533887
3631422259
3679172061
3729544597
3783656754
3843359727
3906748086
4006696477
4101237747
4190936406
4276286168
4357720919
4435623753
4510334452
4582155712
4651358354
4718185703
4782857296
4845572027
4906510831
4965838992
5023708127
5080257909
5135617561
5189907170
5243238839
5295717709
5347442862
5398508140
5449002877
5499012565
5548619467
5597903184
5646941179
5695809280
5744582153
5793333764
5842137825
5891068243
5940199563
5989607425
6039369028
6089563614
6140272983
6191582031
6243579340
6296357807
6350015336
6404655603
6460388898
6517333071
6575614591
6635369744
6696745990
6759903515
6825017006
6892277700
6961895749
7034102974
7109156078
7187340421
7268974461
7354415029
7444063601
7538373820
7637860544
7743110820
7854797262
7973694467
8100699321
8236856291
8383389190
8541741429
8713627493
8901099459
8992695531
9118858359
9226360661
9322395515
9410454189
9492630205
9570327560
9644558528
9716092367
9785538377
9853396185
9920088130
9985981206
10051402598
10116651130
10182006039
10247733975
10314094807
10381346662
10449750493
10519574395
10591097878
10664616240
10740445217
10818926064
10900431227
10985370831
11074200190
11167428637
11265630029
11369455358
11479648054
11597062703
11722688151
11857676275
12003378123
12161389748
12333610898
12522320971
12730278419
12960852433
13218199736
13507505380
13835316023
14210009403
14642468818
15147073677
15340997855
15631039939
15860679679
16054568387
16224174595
16376098582
16514590925
16642593421
16762249356
16875182999
16982665300
17085718176
17185183357
17281769638
17376086448
17468668415
17559993875
17650499208
17740590270
17830651787
17921055335
18012166369
18104350645
18197980321
18293439989
18391132848
18491487248
18594963819
18702063435
18813336309
18929392543
19050914562
19178671940
19313539299
19456518107
19608763506
19771617628
19946651352
20135717142
20341016565
20565187472
20811417813
21083596003
21386512145
21726131124
22109968993
22547620618
23051513457
23638007362
24329037790
25154637849
25730180724
26205319065
26572369473
26876483417
27138367474
27369780055
27578198660
27768736162
27945073724
28109968242
28265551036
28413514507
28555234411
28691853141
28824338353
28953525448
29080149212
29204867967
29328282518
29450951388
29573403452
29696148738
29819687972
29944521352
30071156894
30200118701
30331955444
30467249352
30606626026
30750765416
30900414369
31056401212
31219652969
31391215941
31572280588
31764211931
31968587052
32187241804
32422329531
32676395616
32952473071
33254206429
33586014115
33953303881
34362762418
34822750334
35343849408
35939634182
36627781176
37431698477
38382979173
39525199272
40919987136
41909578246
42688010207
43277171478
43757485371
44165426198
44521491529
44838588400
45125458398
45388335963
45631845351
45859525660
46074157005
46277972922
46472804084
46660178721
46841394782
47017573092
47189697423
47358645372
47525212686
47690132861
47854093319
48017749128
48181734961
48346675876
48513197343
48681934918
48853543889
49028709226
49208156150
49392661670
49583067467
49780294563
49985360318
50199398382
50423682433
50659654713
50908960672
51173491442
51455436370
51757348585
52082227601
52433624350
52815776092
53233781538
53693830732
54203510550
54772216069
55411712572
56136915652
56966993235
57926953083
59049980224
60380964493
61981975380
63941036453
65851089563
66978346546
67824895595
68510760778
69090150571
69593409603
70039575046
70441494526
70808298777
71146736212
71461952390
71757973220
72038018908
72304715855
72560244345
72806444320
73044893031
73276963279
73503868040
73726695334
73946436034
74164006522
74380267566
74596040439
74812121070
75029292835
75248338485
75470051646
75695248269
75924778386
76159538545
76400485299
76648650171
76905156587
77171239345
77448267324
77737770290
78041470894
78361323224
78699559696
79058748580
79441865192
79852380761
80294374345
80772675106
81293044938
81862415340
82489198101
83183697719
83958666060
84830059049
85818085270
86948684498
88255652921
89783764385
91593466960
93768147005
96425723752
99481037884
101041064793
102207516021
103149070787
103941771474
104628107464
105234687749
105779437894
106275073841
106730974984
107154277051
107550548889
107924231675
108278934997
108617642885
108942861122
109256725098
109561080471
109857544686
110147554777
110432405185
110713278241
110991269209
111267407292
111542673649
111818017236
112094369113
112372655736
112653811691
112938792258
113228586181
113524229015
113826817418
114137524813
114457618878
114788481403
115131631160
115488750572
115861717146
116252640875
116663909158
117098241182
117558754317
118049045808
118573294135
119136385800
119744075332
120403189041
121121887027
121910003604
122779494576
123745032052
124824805924
126041619476
127424410924
129010403768
130848205513
133002371285
135560291816
138642883451
142421717030
144325727458
146320630248
147814038160
149020268349
150036075773
150915586200
151692728585
152390377546
153024769444
153607885149
154148841183
154654751695
155131288116
155583056579
156013860609
156426888939
156824852989
157210089603
157584639314
157950307021
158308709854
158661315575
159009473929
159354442713
159697409882
160039512712
160381854792
160725521492
161071594428
161421165370
161775350002
162135301918
162502227221
162877400128
163262179986
163658030185
164066539506
164489446544
164928667998
165386331753
165864815958
166366795551
166895298124
167453771484
168046166002
168677035740
169351663592
170076217376
170857946168
171705429416
172628895990
173640636883
174755544832
175991828097
177371966595
178924010428
180683370252
182695327259
185018617654
187730658299
190935343550
194774987542
199449171675
201105762729
203525786404
205344129887
206816521349
208058757930
209135784991
210088405267
210944181598
211722711369
212438476618
213102510358
213723430425
214308111547
214862139076
215390125096
215895934616
216382851224
216853700920
217310946425
217756760253
218193082260
218621665702
219044114694
219461915191
219876461064
220289076475
220701035481
221113579597
221527933928
221945322365
222366982287
222794179171
223228221478
223670476197
224122385437
224585484478
225061421756
225551981321
226059108393
226584938777
227131833055
227702416672
228299627329
228926771419
229587591730
230286349238
231027922604
231817930088
232662880016
233570357894
234549260975
235610094778
236765351296
238029996055
239422101822
240963682355
242681802671
244610077113
246790720043
249277397913
252139266164
255466795943
259380370326
264043283466
269345996903
272101177954
274186074472
275883197804
277321086594
278572137070
279682004711
280681635560
281593100796
282432756977
283213097899
283943906073
284633002826
285286755728
285910432781
286508456322
287084589276
287642074614
288183741711
288712088856
289229348305
289737538379
290238505860
290733961042
291225507222
291714665967
292202899196
292691628908
293182255213
293676173234
294174789350
294679537220
295191893978
295713397019
296245661751
296790400751
297349444809
297924766373
298518506025
299133002720
299770828659
300434829872
301128173816
301854405623
302617515025
303422016532
304273046128
305176478662
306139071348
307168640403
308274280083
309466636378
310758251795
312164003462
313701664978
315392634140
317262885671
319344233071
321676021143
324307427734
327300641856
330735326000
334714999192
339376359277
344903219778
347089554156
350057575616
352322658098
354178012369
355757823552
357138056708
358366837579
359476921390
360491757376
361428782994
362301359621
363119979346
363893053104
364627445116
365328846792
366002045334
366651121188
367279596145
367890546491
368486690903
369070459831
369644051107
370209475198
370768592624
371323145386
371874783844
372425090133
372975598976
373527816600
374083238333
374643365366
375209721128
375783867662
376367422398
376962075701
377569609592
378191918076
378831029556
379489131874
380168600616
380872031437
381602277295
382362491700
383156179307
383987255507
384860117081
385779726486
386751713045
387782495195
388879429112
390050990616
391306999325
392658896887
394120094954
395706413923
397436640901
399333245871
401423310094
403739742636
406322893109
409222716965
412501723302
416239049704
420536190809
425525204116
430806704415
433802804898
436119142869
438035679007
439681484096
441130119053
442428474011
443608646851
444693741650
445701029691
446643813457
447532592733
448375828772
449180464237
449952288191
450696199226
451416399590
452116541372
452799838664
453469155128
454127073507
454775951717
455417968866
456055163669
456689467106
457322730740
457956751793
458593295869
459234118047
459880982951
460535684346
461200064745
461876035501
462565597850
463270865391
463994088529
464737681456
465504252343
466296637497
467117940418
467971576827
468861327014
469791397120
470766491371
471791897769
472873590378
474018352187
475233923602
476529183069
477914368223
479401348515
481003963739
482738447570
484623961773
486683275829
488943639570
491437914845
494206058962
497297092054
500771739628
504706031741
509196280707
514366082832
515561896511
518426875385
520674671346
522555833723
524186838083
525634573027
526941975696
528138632384
529245973983
530280119604
531253560021
532176214931
533056128474
533899944296
534713240366
535500771338
536266648143
537014473877
537747448630
538468451835
539180108115
539884840887
540584916800
541282483300
541979601049
542678272527
543380467878
544088148861
544803291617
545527908901
546264072324
547013935177
547779756351
548563925927
549368993027
550197696592
551052999847
551938129335
552856619550
553812364440
554809677280
555853360776
556948789695
558102008874
559319850188
560610073000
561981533845
563444392723
565010365549
566693035165
568508237247
570474542756
572613865914
574952236929
577520793132
580357062828
583506646091
587025440775
590982627911
595448778546
597960739020
599968288038
601672464468
603167709297
604508781557
605731148032
606859455064
607911701137
608901531945
609839605748
610734455061
611593056263
612421220599
613223871137
614005244322
614769040188
615518536733
616256678785
616986148384
617709421612
618428815383
619146526755
619864666698
620585289770
621310420849
622042079843
622782305147
623533176517
624296837933
625075521050
625871569752
626687466406
627525860410
628389599705
629281766020
630205714722
631165120315
632164028823
633206918568
634298771157
635445154937
636652323714
637927334206
639278186633
640713993985
642245187055
643883764369
645643598804
647540816344
649594267309
651826117135
654262593084
656934936281
659880626953
663144977265
664241383483
666267366958
667938423081
669393415545
670698526434
671892685713
673001475411
674042939550
675030463522
675974368326
676882865701
677762665531
678619380823
679457808445
680282130361
681096062227
681902966196
682705938850
683507881609
684311558673
685119646106
685934774709
686759568675
687596681617
688448831249
689318833837
690209639445
691124368935
692066353719
693039179314
694046733842
695093262821
696183431772
697322398496
698515897241
699770337495
701092920774
702491779625
703976144138
705556542710
707245045661
709055562788
711004209298
713109758998
715394209781
716160577112
717697299570
719015299380
720198955008
721289292495
722310952939
723280488670
724209854009
725108149160
725982594529
726839120544
727682747403
728517842128
729348300223
730177679159
731009300163
731846328786
732691841125
733548880445
734420507580
735309847668
736220135206
737154759119
738117309344
739111626363
740141855143
741212505059
742328517541
743495343491
744719032861
746006339318
746637295669
747858723623
749082562402
750327502184
751605749353
752927442473
754302087719
755739245704
757248961787
758842101098
760530656825
762328068713
764249577410
766312637339
768537412137
770947381323
773570094474
776438120693
779590257639
783073088258
786943007865
791268894939
796135674441
801649136800
807942552068
815185896698
823598958571
833470327390
845185539947
859269869369
876455294876
897788882315
924815148931
959897341861
1006815450198
1071956532899
1166890779214
1314578736378
1566633929773
2000000000000